accuracy: 0.5978207033184745
precision(macro): 0.6815666480564179
precision(micro): 0.5978207033184745
recall(macro): 0.5426879930018419
recall(micro): 0.5978207033184745
f1(macro): 0.5410636515442806
f1(micro): 0.5978207033184745
