accuracy: 0.620604259534423
precision(macro): 0.6889407957483692
precision(micro): 0.620604259534423
recall(macro): 0.5807816637583672
recall(micro): 0.620604259534423
f1(macro): 0.5522356156119043
f1(micro): 0.620604259534423
